0 5
0 10
0 15
0 20
0 25
0 30
0 35
0 40
0 45
0 50
0 55
0 60
0 65
0 70
0 75
0 80
0 85
0 90
0 95
0 100
0 105
0 110
0 115
0 120
0 125
0 130
0 135
0 140
0 145
0 150
0 155
0 160
0 165
0 170
0 175
0 180
0 185
0 190
0 195
0 200
0 205
0 210
0 215
0 220
0 225
0 230
0 235
0 240
0 245
0 250
0 255
0 260
0 265
0 270
0 275
0 280
0 285
0 290
0 295
0 300
0 305
0 310
0 315
0 320
0 325
0 330
0 335
0 340
0 345
58 1912
58 3173
107 353
107 484
107 566
107 629
107 896
107 901
107 906
107 911
107 916
107 921
107 926
107 931
107 936
107 941
107 946
107 951
107 956
107 961
107 966
107 971
107 976
107 981
107 986
107 991
107 996
107 1001
107 1006
107 1011
107 1016
107 1021
107 1026
107 1031
107 1036
107 1041
107 1046
107 1051
107 1056
107 1061
107 1066
107 1071
107 1076
107 1081
107 1086
107 1091
107 1096
107 1101
107 1106
107 1111
107 1116
107 1121
107 1126
107 1131
107 1136
107 1141
107 1146
107 1151
107 1156
107 1161
107 1166
107 1171
107 1176
107 1181
107 1186
107 1191
107 1196
107 1201
107 1206
107 1211
107 1216
107 1221
107 1226
107 1231
107 1236
107 1241
107 1246
107 1251
107 1256
107 1261
107 1266
107 1271
107 1276
107 1281
107 1286
107 1291
107 1296
107 1301
107 1306
107 1311
107 1316
107 1321
107 1326
107 1331
107 1336
107 1341
107 1346
107 1351
107 1356
107 1361
107 1366
107 1371
107 1376
107 1381
107 1386
107 1391
107 1396
107 1401
107 1406
107 1411
107 1416
107 1421
107 1426
107 1431
107 1436
107 1441
107 1446
107 1451
107 1456
107 1461
107 1466
107 1471
107 1476
107 1481
107 1486
107 1491
107 1496
107 1501
107 1506
107 1511
107 1516
107 1521
107 1526
107 1531
107 1536
107 1541
107 1546
107 1551
107 1556
107 1561
107 1566
107 1571
107 1576
107 1581
107 1586
107 1591
107 1596
107 1601
107 1606
107 1611
107 1616
107 1621
107 1626
107 1631
107 1636
107 1641
107 1646
107 1651
107 1656
107 1661
107 1666
107 1671
107 1676
107 1681
107 1686
107 1691
107 1696
107 1701
107 1706
107 1711
107 1716
107 1721
107 1726
107 1731
107 1736
107 1741
107 1746
107 1751
107 1756
107 1761
107 1766
107 1771
107 1776
107 1781
107 1786
107 1791
107 1796
107 1801
107 1806
107 1811
107 1816
107 1821
107 1826
107 1831
107 1836
107 1841
107 1846
107 1851
107 1856
107 1861
107 1866
107 1871
107 1876
107 1881
107 1886
107 1891
107 1896
107 1901
107 1906
107 1911
136 1945
136 1976
136 2004
136 2027
136 2054
136 2102
136 2128
136 2153
136 2183
136 2223
136 2254
136 2283
136 2319
136 2378
136 2445
136 2461
136 2491
136 2510
136 2543
136 2598
136 2640
136 2660
173 427
198 364
198 501
348 358
348 368
348 373
348 378
348 383
348 388
348 398
348 403
348 408
348 413
348 418
348 423
348 433
348 438
348 443
348 448
348 453
348 458
348 463
348 468
348 473
348 478
348 488
348 493
348 498
348 503
348 508
348 513
348 518
348 523
348 528
348 533
348 543
348 548
348 553
348 558
348 568
370 604
370 683
373 587
373 614
376 652
394 620
395 574
395 678
414 577
414 582
414 592
414 597
414 602
414 607
414 612
414 617
414 622
414 627
414 632
414 642
414 647
414 657
414 662
414 667
414 672
414 677
414 682
567 3723
594 3980
686 688
686 693
686 698
686 703
686 708
686 713
686 718
686 723
686 728
686 733
686 738
686 743
686 748
686 753
686 758
686 763
686 768
686 773
686 778
686 783
686 788
686 793
686 798
686 803
686 808
686 813
686 818
686 823
686 828
686 833
686 838
686 843
686 848
686 853
698 859
698 864
698 869
698 874
698 879
698 884
698 889
698 894
857 3495
862 3577
862 3633
990 2941
990 3164
990 3278
1085 3561
1085 3651
1085 3830
1085 3943
1171 2677
1405 2869
1405 3100
1405 3304
1405 3412
1419 3178
1450 2976
1465 2065
1465 2134
1465 2191
1465 2282
1465 2293
1465 2328
1465 2347
1465 2385
1465 2542
1465 2592
1465 2642
1505 3020
1505 3386
1534 3385
1577 1913
1577 2026
1577 2062
1577 2144
1577 2163
1577 2273
1577 2298
1577 2343
1577 2389
1577 2419
1577 2582
1577 2616
1642 3201
1656 3097
1666 3186
1684 2661
1684 2666
1684 2671
1684 2676
1684 2681
1684 2686
1684 2691
1684 2696
1684 2701
1684 2706
1684 2711
1684 2716
1684 2721
1684 2726
1684 2731
1684 2736
1684 2741
1684 2746
1684 2751
1684 2756
1684 2761
1684 2766
1684 2771
1684 2776
1684 2781
1684 2786
1684 2791
1684 2796
1684 2801
1684 2806
1684 2811
1684 2816
1684 2821
1684 2831
1684 2836
1684 2841
1684 2846
1684 2851
1684 2856
1684 2861
1684 2866
1684 2871
1684 2876
1684 2881
1684 2886
1684 2891
1684 2896
1684 2901
1684 2906
1684 2911
1684 2916
1684 2921
1684 2926
1684 2931
1684 2936
1684 2946
1684 2951
1684 2956
1684 2961
1684 2966
1684 2981
1684 2986
1684 2991
1684 2996
1684 3006
1684 3016
1684 3021
1684 3026
1684 3031
1684 3036
1684 3041
1684 3046
1684 3051
1684 3056
1684 3061
1684 3066
1684 3071
1684 3076
1684 3081
1684 3086
1684 3091
1684 3096
1684 3106
1684 3116
1684 3121
1684 3126
1684 3131
1684 3141
1684 3146
1684 3151
1684 3156
1684 3161
1684 3166
1684 3171
1684 3176
1684 3181
1684 3191
1684 3196
1684 3206
1684 3211
1684 3216
1684 3221
1684 3226
1684 3231
1684 3236
1684 3241
1684 3246
1684 3251
1684 3256
1684 3261
1684 3266
1684 3271
1684 3276
1684 3281
1684 3286
1684 3291
1684 3296
1684 3301
1684 3306
1684 3311
1684 3316
1684 3321
1684 3326
1684 3336
1684 3341
1684 3346
1684 3351
1684 3356
1684 3371
1684 3376
1684 3381
1684 3391
1684 3396
1684 3401
1684 3411
1684 3416
1684 3421
1684 3426
1684 3431
1684 3436
1718 2003
1912 1921
1912 1931
1912 1936
1912 1946
1912 1956
1912 1961
1912 1966
1912 1971
1912 1981
1912 1986
1912 1996
1912 2006
1912 2011
1912 2016
1912 2021
1912 2036
1912 2041
1912 2046
1912 2051
1912 2056
1912 2061
1912 2066
1912 2076
1912 2086
1912 2091
1912 2096
1912 2106
1912 2121
1912 2126
1912 2131
1912 2136
1912 2141
1912 2146
1912 2156
1912 2161
1912 2166
1912 2181
1912 2186
1912 2201
1912 2206
1912 2211
1912 2216
1912 2221
1912 2226
1912 2231
1912 2236
1912 2251
1912 2256
1912 2261
1912 2271
1912 2276
1912 2281
1912 2286
1912 2291
1912 2296
1912 2301
1912 2306
1912 2311
1912 2316
1912 2321
1912 2326
1912 2331
1912 2341
1912 2346
1912 2356
1912 2361
1912 2366
1912 2371
1912 2376
1912 2381
1912 2386
1912 2391
1912 2396
1912 2401
1912 2406
1912 2411
1912 2416
1912 2421
1912 2426
1912 2431
1912 2441
1912 2446
1912 2456
1912 2466
1912 2476
1912 2481
1912 2486
1912 2506
1912 2521
1912 2526
1912 2531
1912 2536
1912 2541
1912 2546
1912 2551
1912 2556
1912 2561
1912 2566
1912 2576
1912 2581
1912 2586
1912 2591
1912 2596
1912 2601
1912 2606
1912 2611
1912 2621
1912 2626
1912 2631
1912 2641
1912 2646
1912 2651
1912 2656
3437 3445
3437 3450
3437 3455
3437 3460
3437 3465
3437 3470
3437 3475
3437 3480
3437 3485
3437 3490
3437 3500
3437 3505
3437 3510
3437 3515
3437 3520
3437 3530
3437 3535
3437 3545
3437 3555
3437 3560
3437 3565
3437 3570
3437 3575
3437 3580
3437 3585
3437 3590
3437 3595
3437 3600
3437 3605
3437 3610
3437 3615
3437 3620
3437 3625
3437 3630
3437 3635
3437 3640
3437 3645
3437 3650
3437 3655
3437 3660
3437 3665
3437 3670
3437 3675
3437 3680
3437 3685
3437 3690
3437 3695
3437 3700
3437 3705
3437 3710
3437 3715
3437 3720
3437 3725
3437 3730
3437 3735
3437 3740
3437 3745
3437 3755
3437 3760
3437 3765
3437 3770
3437 3775
3437 3780
3437 3785
3437 3790
3437 3795
3437 3800
3437 3805
3437 3810
3437 3815
3437 3820
3437 3825
3437 3835
3437 3840
3437 3845
3437 3850
3437 3855
3437 3860
3437 3865
3437 3870
3437 3875
3437 3880
3437 3885
3437 3890
3437 3895
3437 3900
3437 3905
3437 3910
3437 3915
3437 3920
3437 3925
3437 3930
3437 3935
3437 3940
3437 3945
3437 3950
3437 3955
3437 3960
3437 3965
3437 3970
3437 3975
3980 3982
3980 3987
3980 3992
3980 3997
3980 4002
3980 4007
3980 4012
3980 4017
3980 4022
3980 4027
3980 4032
3980 4037